6773901168964798477
6773906068725565448
7289747189515980067
7309857450302213376
7396829450211446050
7427381362337778980
7434082518397226249
7444105017394482482
7444362506467872027
7446264878886554895
7446279061011303732
7454910938953698575
7468609439512235291
7471153546663169315
7471174464001101090
7473095677464136975
7483107090936941874
7485566382344588578
7517969543269059850
7520905099401497891
7520939828767132928
7523116377247321383
7529381510349180223
7531357712618114313
7532461688206085402
7533721108269321472
7540659036979514643
7542468244687293715
7542804279636069667
7542842698634431783
7542847691571744000
7543076811148676379
7543115485139782958
7543152714943876387
7543189889081249074
7543215101344517439
7543503016624655654
7543520466653236530
7543581458393337103
7544038150016929058
7544569960832453924
7544971601616424243
7545038328261872911
7545041840672623912
7545044054392720675
7545305886307241216
7545362996415974697
7545381758141795634
7545681988758293779
7545695756263410998
7546175154821319999
7546245825110740233
7546401851793575222
7546402243684125988
7546836238272056619
7547620359265209639
7547991038376299810
7548001201619553536
7548390561330367794
7548734306391215395
7548755625631665444
7554260809254178048
7561278311050005779
7563552305543482624
7563585523508399386
7566550506869493042
7567284867466071306
7568320604852473123
7568702566624808202
7568707871634885924
7569106505291631907
7569586392179707179
7569888176370699526
7570225863401180457
7572554930871864626
7589984240465382706
7592195553556057380
7602990563549351174
7603044045849414918
7603284173666667817
7603320749184617762
7603331528524959027
7603413279016554682
7603425798183292201
7603682013224817051
7603699399272730533
7603699433041186048
7603718397817392422
7603733933624167699
7603736558218300722
7603737330705256569
7603753776276622646
7603755400656393147
7603773185716260130
7603775122772472229
7603793573145742643
7603808767205068075
7603837619394639028
7603864787012881710
7603891979139719610
7603939586112244998
7603950842764447002
7603951550888972907
7603960114824300409
7603962632123059264
7603966706201021723
7603978036769295650
7603994527816355135
7603997807167866276
7604014713420270867
7604024000348129893
7604026740457450210
7604029611425653233
7604030384984182016
7604034130250124544
7604037794855472430
7604038890642525440
7604040586265414946
7604040954676366632
7604045476991667491
7604046089524924913
7604048820174933294
7604051956532874550
7604054749255568659
7604056570150498411
7604057676993039650
7604063810458782073
7604074672300231979
7604077761469297573
7604078629597658533
7604080211956681990
7604090131200412962
7604114592243044529
7604124716625890570
7604127791285636378
7604135201773594944
7604137669597187374
7604137674009595186
7604152238784695571
7604174298995035433
7604317499274127014
7604340191856687099
7604341041562455322
7604342167151238106
7604348803650522406
7604367274186657058
7604379602140161254
7604380985584585994
7604390214110383386
7604404896028638186
7604407723140735985
7604416857461837083
7604427377451533294
7604434310531140900
7604435852509855878
7604440649315756155
7604441996056366382
7604447279004536073
7604448676124108282
7604458920309101733
7604477564245962404
7604502587320539237
7604518913342688625
7604683041507708169
7604689111810641195
7604690992516474286
7604696082626399539
7604700966990616768
7604705275565031923
7604709484639948032
7604714453602422022
7604714703704689983
7604715465789240955
7604717643710401842
7604742543871347994
7604757220122774799
7604758929083801434
7604761450908765503
7604767230370352434
7604770989410372914
7604773826357972266
7604779943569984806
7604780846096108810
7604784282208423183
7604784330254093568
7604787367005719858
7604790593214041354
7604792373616332067
7604793145407602598
7604793666514767119
7604796240710682021
7604799410305286650
7604799847492881674
7604803171110757339
7604810466707262783
7604811588068310129
7604815184556789044
7604817876642617850
7604819288226139426
7604820811354759526
7604821651553427557
7604821850169904418
7604829537238551860
7604833555604065570
7604835015356173620
7604835214270958875
7604852939303793003
7604856005398236468
7604858929071490153
7604859830657895706
7604863321012364195
7604872935458835758
7604880795479877349
7604882883202927899
7604885085570406473
7604887425696959807
7604888001172344064
7604890481492041192
7604970219076979977
7605057565919218041
7605076911856832625
7605077051481148735
7605078447808285041
7605083290021678376
7605084999448761265
7605090106180996358
7605099148534189321
7605117328174501139
7605130050542832947
7605130058524609818
7605132619512139048
7605138865829851200
7605149399638969636
7605154583966420243
7605157782739897638
7605158000101182756
7605160714780593449
7605164823495724330
7605170245396864232
7605173930139077938
7605176499457732736
7605177000685447153
7605181021159558419
7605185260209846138
7605187692435807370
7605192237844122918
7605194095530741044
7605200301079055525
7605212850579998201
7605214796832787738
7605218796038638886
7605235161080319258
7605239821782633774
7605246076626521385
7605247823310834982
7605259543337061684
7605268571102721275
7605294820663381497
7605300919302933769
7605305458317061236
7605309309672508722
7605333789232876826
7605374785064946995
7605384723913544803
7605426394411373989
7605440470504874161
7605448696087889657
7605451404043373878
7605453761003212042
7605460172823072019
7605474182641536290
7605477165496797681
7605477912359357705
7605478430457353585
7605481837024054566
7605490387235495857
7605501208069798863
7605502088684096794
7605503304650476863
7605521309665168703
7605526649652728561
7605527486759226670
7605530403600835561
7605537545136475444
7605541782989901092
7605550132192974501
7605557499852279040
7605557909119847690
7605581604237327714
7605587550506062715
7605589546096528640
7605592145314991375
7605598509676632433
7605599389457260017
7605620231252581873
7605620865430951867
7605623331803621233
7605624352293534821
7605626172835237129
7605641585342947283
7605661521717406900
7605689528309914537
7605706548916014374
7605752433431563520
7605772426667953435
7605776314468994355
7605789748233309467
7605800817559391531
7605804629427029745
7605815719078407601
7605818052336209167
7605828330876701987
7605836157187870003
7605855559791552954
7605856631003335963
7605869100422717561
7605871935414717731
7605888129202965803
7605897698939505974
7605898178700856618
7605903511544674139
7605903654689041594
7605905462193556770
7605909486405979398
7605910396138927089
7605910541261539497
7605912375123840306
7605918627308555526
7605919134269984051
7605927072259982075
7605929292572282163
7605930056317209908
7605932170264602489
7605932417567788338
7605934698338045220
7605934861299931514
7605934998461484328
7605938674362423793
7605939191305817371
7605941529463655278
7605946126495502830
7605952357863673097
7605957861881069285
7605961087145757958
7605971905669041435
7605989814269201664
7605992063615683886
7605992560377654254
7605993035348969585
7605995535341849883
7606024474709822772
7606024896863626929
7606142218274259624
7606151692518267307
7606178185500855567
7606204435873778954
7606216391733120296
7606231547636731145
7606232664923786559
7606239429388193024
7606243602649353535
7606245512638991659
7606259601511599396
7606260213338950921
7606262029439028506
7606264908308663571
7606266365179202825
7606272312576843633
7606273341577934002
7606275398392925455
7606276449649118464
7606278219394155643
7606283140419554602
7606283356012041125
7606284279789653257
7606284369635839258
7606287877814775022
7606289230674925733
7606289522289292005
7606289987432172815
7606290231008520098
7606290589100920090
7606290916114793449
7606291703188594286
7606295612183801777
7606295999501454655
7606296568925706747
7606298759294618932
7606298993580150059
7606302066796956980
7606302699990028258
7606304713675459867
7606305760600159898
7606319700070452543
7606323278772276518
7606324620236442889
7606330210171521785
7606331367487589673
7606339079990529290
7606343085446024463
7606343809152077090
7606346439869992242
7606354630133419315
7606356699700662501
7606358590584829425
7606362081482280243
7606380479705178852
7606388565810974015
7606399079538593034
7606407139141127470
7606414751400234266
7606527719412698422
7606532990256172315
7606542755296185651
7606548278003404066
7606566218174057737
7606572153726713434
7606572971809366863
7606574680212235621
7606577827001621093
7606585288500403042
7606587500164910386
7606600144997420323
7606616063899454726
7606636273608019240
7606637367701078641
7606639650555948731
7606640466682989834
7606645868350950692
7606646667698210681
7606646800858657777
7606648180420382308
7606649370737466441
7606649988541730111
7606650530508590387
7606654055909297458
7606654354942151990
7606656344929733951
7606657996835913188
7606658886971955577
7606661884867071241
7606666821290249515
7606668586329053029
7606670021040885018
7606673486957858090
7606674063105667178
7606680161619363705
7606684936633057919
7606690470764268800
7606690770556423474
7606693314511860660
7606695502188383498
7606728250346260342
7606738266532971685
7606756961153027328
7606758988792876331
7606791079057693818
7606853655270116644
7606862832822439211
7606888341694507124
7606888429342805275
7606904934738562358
7606908555061773922
7606910621250158523
7606919255669361971
7606937294477511946
7606960340119007089
7606985473008979254
7606988452952837385
7606989723680247066
7607009329589780857
7607010462454107442
7607014981187554575
7607024306920475942
7607025316766272819
7607050425765760297
7607052018280549254
7607053552271297826
7607055437799771401
7607055556070690083
7607055561746476923
7607059319472835846
7607059382672690467
7607059805152262976
7607062887407914278
7607064812492688655
7607069161327512847
7607073020498460517
7607076791609541236
7607084476295859492
7607087967051517199
7607089649906948593
7607102467590917419
7607120051346410786
7607128650294594856
7607134026389867814
7607136030566714659
7607144227364965674
7607172140437097764
7607180781983732425
7607232277738818862
7607235110291718885
7607246762680469221
7607314487176275377
7607323978294904680
7607335254320405745
7607345384344848241
7607366571448137710
7607372948768623514
7607373851324642762
7607376335287209262
7607379481963007268
7607380840657538358
7607383481127030016
7607385954109623578
7607388569644141843
7607389804414088114
7607394861045876410
7607401706338403529
7607404499456002914
7607409480846086326
7607414588090436873
7607415966037966299
7607416748622613812
7607424359539976586
7607435691080879386
7607437626601180425
7607440945180691764
7607445084376753587
7607455701912358163
7607469536342903622
7607480082923261226
7607486088327777571
7607520661585661230
7607601909549026600
7607668528891677995
7607668915158721657
7607672638223236529
7607692253804839284
7607699287614622372
7607711219013194175
7607726283342105896
7607732449753222450
7607742080462425395
7607748177952918819
7607766821898292490
7607801625654136116
7607803372799905064
7607810340427975972
7607810462327131443
7607812323348139305
7607819774106611323
7607828877499714277
7607858944899435816
7607863577131578020
7607884317389811947
7607965474080558378
7608010032399027492
7608019175772048649
7608026438750489892
7608088138846717873
7608093659036175667
7608097202153475328
7608126852103753000
7608127467353591103
7608130340364057171
7608136711474782649
7608143203951415973
7608149316523412777
7608161050651487476
7608161124324205993
7608175123066435210
7608175621836234161
7608180911763341419
7608188088065609001
7608200993600457317
7608201389763857715
7608217690154568979
7608241824624827257
7608326202629796517
7608368026291920335
7608374101903772968
7608396217576558479
7608413163126150137
7608415338648128777
7608416022781005107
7608420622221782129
7608440424969485233
7608460845298814214
7608462661235379499
7608474882602470699
7608493576032380083
7608499607560431817
7608500912520236307
7608507754059682489
7608508092510283378
7608513432496770350
7608516704481578276
7608518748621802762
7608520355707190961
7608523841056427264
7608527521180601652
7608527639725216357
7608556161473793321
7608567338077572371
7608582158329218993
7608582602789752074
7608596024134798611
7608597516090740009
7608600072049134867
7608606336431579889
7608608513292716645
7608723840827906660
7608752850202436337
7608769632790433087
7608770837176593763
7608773568385981305
7608780141396888841
7608785177396940068
7608787484507458854
7608799328011123699
7608826291739842907
7608835196514864436
7608845034426780971
7608876142858226987
7608877640129749169
7608879036118338854
7608891922815388954
7608897541765221678
7608900298522890850
7608909969203865329
7608911796371492134
7608917773196743080
7608918247442287857
7608919829953484651
7608925428576734490
7608926978552384814
7608934350918865386
7608936055114435874
7608948330852584562
7608953451225107739
7608955208701463835
7608967274339787386
7608975361203850515
7608979223819455219
7608997327084244267
7609116387638669753
7609130898299217777
7609147610754059529
7609151749651205410
7609153202914676020
7609156010996960531
7609180256843509156
7609181647744830761
7609182689301070513
7609196928894618895
7609197481221524770
7609206320315574783
7609207732381914033
7609208483157990309
7609218203612384566
7609220598820484570
7609222616229940526
7609229616628368825
7609234531203206446
7609237272457710911
7609247736906452234
7609253689307450666
7609256965910983089
7609257947324068507
7609258400518452465
7609263711907342778
7609264892156276328
7609274603249615993
7609276716301581989
7609282971559939370
7609284015854791814
7609284301134183782
7609285197485689003
7609288762858948337
7609293976624975145
7609301947010665780
7609302344068533567
7609321500864622450
7609330192552660264
7609331472114042843
7609346232292543807
7609348530687184164
7609357409513535909
7609360049735027995
7609375627342318902
7609406177427885322
7609459905250037001
7609491802986384678
7609496106027863338
7609517967953138865
7609519430296423732
7609525882880904467
7609532257409174803
7609546881866634981
7609579296738397459
7609581959399886080
7609589768434765066
7609594254351944970
7609602048346837169
7609609290029993262
7609618307804613113
7609618364947893540
7609623308687254267
7609628032944409891
7609628120602314596
7609628243947228425
7609633655434022153
7609634616177216777
7609650038457300858
7609650736758033674
7609668217497341234
7609668443273505478
7609673453263766698
7609674990040460682
7609678035784092980
7609691888005762342
7609697604419077711
7609719314309185905
7609721874657856818
7609740635104398646
7609748964081945898
7609813868533124392
7609830109150727466
7609875156403740122
7609899935160604891
7609902176302894388
7609904955348270577
7609915071100349538
7609915421256454521
7609921064319062132
7609922858428691106
7609926132556745999
7609941028577053979
7609941798038834447
7609947132375731507
7609955800739613952
7609956533716018030
7609966295506146222
7609967385193998713
7609972884358198479
7609975965518860614
7609979360514182435
7609980559762943738
7609980930032518521
7609983204430269737
7609997637932461477
7609998904545659882
7609999300039517029
7610008079488355603
7610013931079276965
7610015342609354035
7610016137169866018
7610016358876712228
7610017325214944558
7610018474110274835
7610023539684527395
7610026352292498740
7610029518489822137
7610031393782975785
7610046082432699686
7610051524118498596
7610057688260838774
7610060039767854382
7610064775883672832
7610069265059695914
7610081152968246132
7610085736536196730
7610216460324982057
7610255093421690127
7610261944881482082
7610264285923398574
7610277370319237105
7610279230388551141
7610281531420843611
7610283350162545265
7610294222368836891
7610300216243162414
7610303805573954555
7610311173065477403
7610314949809818890
7610319571144449509
7610320147886132515
7610326779017858331
7610331942675829723
7610338643235966217
7610346419286740275
7610350234136251688
7610365621490418154
7610367327146850426
7610367331545500928
7610369930764061952
7610372789568032051
7610374126213111214
7610375415252667658
7610377511456754995
7610381984031902976
7610387712541231089
7610391754982543462
7610395781702405386
7610400760286694698
7610402475199188267
7610403884008259685
7610406005620428078
7610408496185609482
7610409219417738547
7610415188914851078
7610416024365567241
7610417226293726498
7610419060269993279
7610424303737649216
7610427898152246598
7610431247386711394
7610439927767072369
7610452053550508474
7610454328482264293
7610458918732483846
7610462605362187554
7610466696536526122
7610517647272283442
7610547189874215158
7610600754138664211
7610626699532848447
7610632603967835446
7610649614208055141
7610655021025217819
7610679843012830386
7610680161973182626
7610681454888062214
7610683091778030883
7610693130987444707
7610700099760475392
7610706224660730088
7610711614341385499
7610717840077317299
7610719563105849265
7610721154919058724
7610725855181933858
7610729707512843252
7610729799836847366
7610730950833523994
7610734105476001971
7610736802383050929
7610737490655284506
7610739076781690118
7610741877964596145
7610743143541099826
7610743504322448691
7610746540487381568
7610746545448733998
7610747552861850931
7610748585131923451
7610749861453595822
7610753434442140968
7610755662263422214
7610758765083659562
7610762657645301042
7610762906937855266
7610765578827025702
7610777465354554667
7610781123358779510
7610786187380329782
7610789659672579337
7610791413408247653
7610792639998391138
7610792924393098536
7610796850376022011
7610797436382104884
7610802683535969571
7610803926492810559
7610812132124347674
7610818309927875046
7610867072432015818
7610998069269695780
7611011317172450661
7611013457718054187
7611018286372762310
7611020792889783273
7611027972534832422
7611033049689525547
7611043588604005651
7611045889054555877
7611052408839490831
7611055897909022003
7611061544587234566
7611072238611123519
7611074938762364921
7611079015830506786
7611084877173345551
7611090164215024948
7611096109804555530
7611096123570130239
7611100399365836115
7611101579597892340
7611103456983567625
7611103881086455103
7611104313548573998
7611105498808454463
7611112635064952165
7611114675740118310
7611117303438118194
7611117612667292968
7611117630241410313
7611118740822716282
7611129313949125903
7611129536964562214
7611135398470864168
7611135958389427507
7611135969429404095
7611136492157194225
7611141230974879482
7611141804808834330
7611149861840325914
7611160582393187594
7611163927775696714
7611165249701465371
7611165603060226491
7611168045582617866
7611171896062676259
7611175900909964595
7611189754108874010
7611196583253740838
7611219903841350265
7611239866415746355
7611251949962349859
7611274869514940259
7611283653557046543
7611291427854617862
7611351388479638810
7611355686668078336
7611364418932296996
7611368055809035520
7611374663045745963
7611375060230136019
7611378760356531465
7611379590255505883
7611379785020869922
7611381750254993082
7611391285915853162
7611399395455667490
7611400390927495514
7611404374530690319
7611418352262614307
7611425916975189290
7611428236974755118
7611428401068428544
7611441307865447153
7611442496220024083
7611447797790838068
7611453126025331178
7611453694109912329
7611455717287928182
7611459412167331914
7611467108735569186
7611470569116110086
7611470931826937124
7611474692729228595
7611475532743527722
7611475745198667249
7611478274371308840
7611478554081037578
7611478635916214523
7611481198795164979
7611481273887006379
7611482675374822534
7611486783305501988
7611487269387603252
7611487286815824313
7611487515303873802
7611492012851760399
7611501068048280674
7611502169715627963
7611504602529402152
7611509558498165874
7611512408795827506
7611513486182452531
7611526108927823138
7611537488699542835
7611542753037569286
7611544070904696083
7611549391657663397
7611552308753470363
7611555514266193206
7611565006647299370
7611577920171117833
7611597731531137257
7611598921588100362
7611611279710539049
7611619296996756782
7611619977572928778
7611622646463089960
7611633585342952677
7611650376644130959
7611701264426170722
7611706445305793843
7611721017026809142
7611733217149799720
7611737517351521599
7611737798785207578
7611743077669014834
7611756757483916582
7611759486058990874
7611760990367092006
7611764091195906163
7611767406167412010
7611772542478470438
7611772889654477541
7611788120815684915
7611792277211548928
7611801105441344778
7611807147693480123
7611815474455776558
7611817859555134730
7611821964105141550
7611823912918023333
7611824713656225033
7611826750913301798
7611826895197375763
7611832840187104531
7611834147736259881
7611838107972947263
7611839389215313158
7611845735025364265
7611845960804931505
7611846642219633939
7611855238516968747
7611856908949015860
7611856950862950777
7611857388489443237
7611860090831785243
7611861001247460658
7611863321561632019
7611865446286986546
7611867957752293723
7611869172129107206
7611869867318185242
7611870895082196260
7611872307841158434
7611873718331107962
7611880387370814746
7611885609732328767
7611888026733612314
7611889461894450470
7611891255341026560
7611892161771998502
7611894927395474723
7611896540801682707
7611897590858837691
7611899072740733937
7611900354233404687
7611905609591491846
7611907345866105957
7611910579241880842
7611910661564297115
7611916010525887754
7611919674149850403
7611925576085678949
7611925657861360948
7611933222125063450
7611947358317792538
7611951005362893990
7611960578776567092
7611976735559934836
7611992447769464107
7612011156925154466
7612032524281633254
7612067286405675877
7612070796391143601
7612075802619923747
7612089487077674111
7612099056899040689
7612107611256704283
7612115359872650511
7612123014739002289
7612126370931428627
7612130069519011118
7612140757281000754
7612147013799099529
7612147519673355566
7612151435131768090
7612156631921905354
7612163722804120847
7612183538599536817
7612190334931504384
7612192431341063470
7612203141722934578
7612208099214118196
7612209405483896110
7612210140816663010
7612211330233750501
7612214208876694897
7612214380813771109
7612215156549881142
7612215224029181106
7612218512714550568
7612225466754666426
7612225968630926632
7612228957618581094
7612233600410340654
7612236277252885800
7612236949407839487
7612238712831234417
7612239052623858998
7612239187420926811
7612248123294220411
7612249756299030644
7612258940696448283
7612270575100485755
7612280677740826734
7612281537857506606
7612282128302165288
7612284619069879473
7612285144666164938
7612286846014516096
7612291740166847130
7612298387601231140
7612298953823915307
7612306553748706723
7612310481416394995
7612311632727749094
7612322875555619429
7612406172288683300
7612445266328138667
7612447407095237931
7612467524722101555
7612469020037549347
7612486996597935360
7612506364841069874
7612506552196991985
7612513370364710207
7612525988865396008
7612533994877422894
7612535284588219690
7612545906423909673
7612548411451133184
7612567989518437682
7612576899893818725
7612579412323625137
7612586895486307590
7612591013139336511
7612597907409227027
7612598544645606682
7612603669309290067
7612605157188046106
7612606605419294641
7612608201598471467
7612609605957621622
7612610621074450633
7612610739353701674
7612611270952735214
7612614949575200010
7612615878198250804
7612617203107532074
7612620915808980264
7612626232143842587
7612626410846326058
7612631132458274088
7612633859758329126
7612633902523485466
7612652257280003391
7612657526424767754
7612666771484511488
7612690301395815715
7612697528915578122
7612699401069164480
7612702711930277162
7612716575304551716
7612838802431724850
7612844561949379874
7612853947400834367
7612859773293803249
7612871742910495656
7612874230950120742
7612877993878497898
7612888410327485747
7612900106890759460
7612906948089957682
7612911429380836654
7612916604183022857
7612919983034600746
7612921426656058353
7612930524365049134
7612930727483602027
7612947978853440177
7612951643151158538
7612957858980684470
7612958051649301477
7612963492610910649
7612963549714861348
7612965069705481472
7612965897393430395
7612967442901404974
7612968545047088438
7612969450479832372
7612970357566086502
7612974643011472681
7612974854140120371
7612979622459739411
7612981406972579114
7612986491279488895
7612988667237338368
7612991864958634661
7612991948958119401
7612995856727346466
7612996949498662198
7612999303014911259
7613008272827786609
7613011148052584177
7613011870978460964
7613041047366902385
7613046905244896698
7613049296664988982
7613072252204092712
7613072307984026920
7613093633193826122
7613095936357533285
7613178044173548395
7613178948167841723
7613228794925250673
7613237163434721408
7613241387769242707
7613249136695037190
7613257843147427108
7613262133333069062
7613280879732903209
7613288685424971044
7613289589989494050
7613289738125066213
7613290045008612660
7613291847267486991
7613295014583488869
7613301596521662144
7613306138980912425
7613309894485183798
7613311390091602033
7613317038823492898
7613323668768279842
7613324139592705460
7613326499315338511
7613328368804735642
7613333833450048795
7613337114402491663
7613338197011041579
7613339245290662905
7613340269110512905
7613343694774619435
7613352886965226788
7613360339819711778
7613361902172818726
7613364847179280059
7613366073361960233
7613369190716287924
7613373429194927994
7613377176020192564
7613384543048869861
7613385002558016820
7613388714530006117
7613389163563355427
7613396176133459219
7613403060114623754
7613403675372834088
7613411694357843250
7613417365312752946
7613419324124993521
7613426323059851258
7613428815792033060
7613433901058379054
7613434211776695579
7613446410448538895
7613498188251947142
7613565432712138010
7613582834342661402
7613604312694975409
7613607046734171392
7613609716236808945
7613611183049326697
7613619664610486986
7613635513626430758
7613645606951693050
7613649081210047787
7613659540273253686
7613660044462198042
7613662754183843135
7613670968409705762
7613672906510514146
7613675231894359332
7613676327157140782
7613677438328900864
7613682107390397738
7613683117638831406
7613683628375133455
7613684051295889594
7613687046195907867
7613691201518723323
7613693329217293583
7613693836031839515
7613700706788216105
7613706176236211508
7613709170026620315
7613709455758281984
7613713509607673139
7613714416614780879
7613715967910137131
7613717618029343210
7613718961179413798
7613723589392926321
7613728267015164846
7613728410774326591
7613732640450116017
7613740753449159972
7613745177118788914
7613749414859001126
7613751704332410787
7613756942112001343
7613758200718963569
7613761664257468581
7613769378231766313
7613770689686517419
7613775151640972578
7613789091473181998
7613792946936089883
7613803195260865844
7613822505429503258
7613921287659960954
7613924621491011705
7613937592368026790
7613941120212454691
7613950936579145465
7613959156197772563
7613970360794700203
7613972782452876678
7613973853982805258
7613979459326289259
7613980078476774698
7613981321911684379
7613982265282823370
7613982574918012203
7613983582281640639
7613986673973546278
7613987707710606217
7613989601393490331
7613994272697716020
7614000438341356834
7614001267475565875
7614003995287309568
7614010824085112527
7614013297335045422
7614017604756454841
7614018418856987944
7614020063171054867
7614022015325949230
7614033149328244337
7614037271066790506
7614037888816270626
7614039858742431011
7614042905082170624
7614043908808428841
7614046780757462287
7614049052469150969
7614050941973437169
7614051080132889866
7614053350010588425
7614061559601523369
7614065600922389786
7614069627554925866
7614073336296967478
7614073523299962146
7614075244273208591
7614079074364919103
7614081389729713435
7614081953885962341
7614081987866938676
7614082705227091234
7614085346636172578
7614090733271796998
7614096347142098191
7614096406973893924
7614097703300018341
7614099569151937792
7614102356623445288
7614102850578255110
7614103709500345634
7614107201946324278
7614107367173993445
7614108108792854259
7614110040382868763
7614111179862501602
7614114152605058666
7614115457397705984
7614118384406652411
7614129698109796710
7614135061222280457
7614135074027875455
7614142531982429474
7614147200709322118
7614158976423076325
7614159940780821810
7614233288249593018
7614236544957713670
7614320000035455651
7614327398557789422
7614335501419482410
7614344811746807092
7614353102670930515
7614356506611305755
7614366205234662707
7614367467237952803
7614373137706143026
7614386017851888227
7614386233308934890
7614393540684156206
7614401855683468731
7614403217866149126
7614409425726892155
7614418378542845234
7614430489247517978
7614431225654086952
7614431263780951470
7614432859713047849
7614433165470223266
7614436496161918251
7614436522808380672
7614437837072534784
7614441635979513097
7614442264005214185
7614444090356223272
7614446461912108340
7614446862703070490
7614447502250878272
7614450609379625137
7614450648490727010
7614452082413817115
7614452929700859178
7614464747940875535
7614467297915739558
7614467443469110580
7614471156633153723
7614473349909900907
7614474823338708262
7614474975039409289
7614476222889807156
7614481069462539561
7614484244270754539
7614486694281024499
7614490400325127475
7614492660639796499
7614497428070288682
7614497844430507290
7614498041789637971
7614498882491256105
7614499599616694202
7614502910600916214
7614503416290814906
7614506904739466534
7614510961310862598
7614517296342555621
7614522935474162954
7614535541908657587
7614535787702471963
7614539360850955529
7614544804253131195
7614563379857246602
7614570890772106502
7614581777429128399
7614595196868651750
7614599173911973147
7614614263142829321
7614669163394567450
7614675103560862976
7614694376580730148
7614703638790997402
7614712179337904506
7614718116787336677
7614721587924782336
7614726166016019718
7614737747357486376
7614747444036262053
7614750820315270438
7614774824673627398
7614782066630069545
7614786993381313826
7614793148442725682
7614799413689645288
7614811107781397802
7614822471066343665
7614822729681947569
7614830587006782386
7614837991894158627
7614841432151645924
7614845348604250314
7614853339914043377
7614854961185086564
7614855833817550114
7614858635864214803
7614861707122762981
7614861733936979834
7614865154999733540
7614872290240498994
7614875669134118190
7614877393095271013
7614880326522916131
7614884249493064986
7614885151826267398
7614907079090572031
7614912314386566442
7614913536212421923
7614920818467835145
7614921230051696827
7614922147345001203
7614934588082736430
7614996347221036315
7615047783732677809
7615058656707469951
7615063700684262707
7615065620242308017
7615068716622974248
7615069348633333018
7615075812320419411
7615085505151077672
7615086011575680869
7615092888829021446
7615094675912936755
7615135738488769846
7615137170907513573
7615139960122838324
7615140599020244243
7615144573223963923
7615145194161294632
7615151023098809641
7615153471976688906
7615154078213036529
7615154217435621746
7615160400543693914
7615160621604927433
7615161291074565210
7615164007443451151
7615165707873022888
7615169263850048804
7615177872927746171
7615178292052108517
7615180683908058402
7615183013999037715
7615184186512592134
7615184555657514267
7615185537460194611
7615189051318587385
7615190939766581928
7615191654185585970
7615199843393437041
7615203800814521663
7615208521521430009
7615209577532935458
7615211760420703503
7615220415434198312
7615224240752594212
7615224891666599210
7615224909756681482
7615227324790855921
7615233988688383275
7615235408997256454
7615241979630233465
7615242902544944436
7615243572002021497
7615254789340859694
7615255608496786740
7615257397350649097
7615258478839467279
7615261080255843593
7615261889374735668
7615278292190514486
7615282499777727782
7615287984712199353
7615288930493041920
7615299829115211023
7615307558382822346
7615376575726423331
7615414841565717620
7615434694180725425
7615434929468617894
7615452906074098971
7615457079028993332
7615463770051185963
7615488355888289969
7615499291624246582
7615501448062831887
7615509744773500170
7615516230744624399
7615523753270777545
7615524804971547956
7615539463104540526
7615549323976109994
7615549379047659163
7615553359004699939
7615554085248868475
7615559419643890995
7615559727044414726
7615562620485045519
7615564185119853824
7615565763172158771
7615567424938577193
7615570686249176360
7615571488686867044
7615572138828909859
7615574051859287331
7615574697379482899
7615581140308544819
7615585401725652250
7615590699433577763
7615595796074925327
7615595958675541288
7615598657380011251
7615599744190018742
7615600638772695379
7615604576305040640
7615606718495477046
7615607561005707343
7615610036819254649
7615610103396152531
7615612403065130240
7615615273009155370
7615627442803417457
7615631679469767971
7615633145592810806
7615633627078069523
7615634787189001498
7615647821122866478
7615649008513535232
7615661597730333937
7615662025393359315
7615716047710162182
7615730766018310278
7615799956575022692
7615808237141164699
7615812528718826794
7615820571447676187
7615823623907085610
7615824148610305326
7615826780464828325
7615829817099813833
7615831065332141348
7615834376986713338
7615836415733091636
7615849462069546290
7615851617383976219
7615857687233908011
7615859490478509358
7615863266596564657
7615866299914177819
7615879668238978314
7615881912599207284
7615883503938309395
7615894858741452067
7615898342330391483
7615899123534843186
7615902920638221604
7615904787988499722
7615905883579686330
7615909858923138367
7615910795511188736
7615918812655537780
7615920692311858917
7615927319202401562
7615928422874746163
7615931360460524826
7615931774903880975
7615932861346709386
7615934281471260785
7615934748313062696
7615935612352286006
7615936203959046095
7615937081646272185
7615937943294790931
7615939495212485915
7615941173319863592
7615943767853518120
7615944320817892627
7615944370601462129
7615944933714808083
7615945819934073728
7615945923591474438
7615947281694477614
7615947320018786021
7615948483731705114
7615949665690750234
7615950752439160100
7615951090609603426
7615954278267605414
7615954730807823631
7615955237022903281
7615955802096028928
7615960301556616484
7615961776320661413
7615963088210144347
7615972494008143114
7615977217759388507
7615978659018476819
7615981779710774578
7615983050916154624
7615983563552682169
7615990066342546714
7615990308391661497
7615992895502380145
7615999979555859621
7616000274355719450
7616000426474884367
7616017014582201619
7616019767895670186
7616066108140312825
7616076057787608694
7616077733822614810
7616142012441431330
7616155302053248612
7616160289180830059
7616161608330902522
7616176799566908718
7616180697203526946
7616180923976928550
7616190564408560942
7616198164512623910
7616198504142195994
7616198902781333135
7616202921668210085
7616209038518291747
7616211850955545039
7616214895918353714
7616224248310304052
7616226489466806739
7616226991944477364
7616232775981894363
7616239993547148563
7616245834002304294
7616248625361931529
7616256646565596456
7616257854567091482
7616258737225972657
7616259903761468712
7616260083755797801
7616260542830791942
7616262068085345574
7616263575233740450
7616266999425010979
7616279496861240616
7616280235599793458
7616285672597153642
7616287673749114150
7616288594772222894
7616289971109384611
7616294556736179475
7616295437066307761
7616299925638368553
7616303903574969651
7616310297799789874
7616312657909386496
7616312785388300465
7616315957388053775
7616316082793549106
7616316132252847395
7616316334200081704
7616319602435444031
7616319831331114240
7616320110978010408
7616320377346958821
7616320759145795505
7616321451854927097
7616327307577396514
7616328448948047146
7616329006098533638
7616343615442324751
7616346478805601577
7616353359306652069
7616369992761675048
7616386234499337487
7616388249237474594
7616399937002571711
7616408015079623986
7616409195835930100
7616424049338892402
7616450390264088433
7616520306571737338
7616538304279825679
7616545247664917798
7616553315173797161
7616565932327996722
7616566745003789608
7616567343607625061
7616568607627037987
7616569775795326246
7616576391882202545
7616578378644163846
7616585892878159142
7616588196897508648
7616593862458600933
7616595815947078962
7616598512662334766
7616604969199203683
7616609698917870682
7616615936887459108
7616621262621691151
7616627318119091953
7616631290565269157
7616632637231243697
7616632818176658726
7616633929562443071
7616637229377662117
7616638813749742886
7616640140886281472
7616643985280486694
7616646956844207406
7616647043650238833
7616647757293831866
7616652747110141222
7616652921194745094
7616653241060707593
7616656331885284660
7616657112566959370
7616661514317090063
7616662402301529344
7616663754146614591
7616664707622429641
7616668799816200881
7616669203768300506
7616670999374744886
7616672026347237993
7616673470612762102
7616673684812525731
7616676535944203574
7616676536938286376
7616678260566494473
7616678865515154723
7616679634893131043
7616680719314621114
7616681415404905637
7616683875292483685
7616684233290063242
7616684813370052467
7616686788668574995
7616687671431253283
7616688833836387594
7616688941706283001
7616689567252948809
7616692749760204066
7616695728139816207
7616696629835418880
7616698084181036330
7616698933854670080
7616699196581760307
7616699940257489576
7616703350934932770
7616704790633991458
7616710605931563963
7616712411457899791
7616715110966496566
7616715858640164532
7616719877982016115
7616726960283413738
7616728174629588230
7616730529282677349
7616738343623407843
7616742993055337768
7616744489931066664
7616745462900460843
7616746966482980106
7616747512547839278
7616758915077901578
7616765958964105851
7616769289156070702
7616772034734886178
7616773459607145743
7616782688267160868
7616810501858741558
7616875904623145659
7616920541421669530
7616928585513451429
7616941351514410286
7616941808878113139
7616950918039548904
7616951080794246907
7616965200868946313
7616978476440030479
7616994061023517044
7616999591250137467
7617001316841349540
7617005984640240902
7617014647652093238
7617018902198979849
7617022008143924526
7617022560139545908
7617025273322700965
7617026065545874742
7617032279000436006
7617033479575064419
7617033868231426481
7617037290619259643
7617042535352929542
7617043870396994170
7617044609143390437
7617046706277846272
7617048450139524387
7617048723238948122
7617053414647663881
7617054936418076520
7617061575299484928
7617062118608686346
7617063490724915091
7617065344683227770
7617066833728125029
7617068080484601124
7617072129573440803
7617078577124773172
7617085054912564522
7617091280241523557
7617094369685916970
7617094755491721862
7617099297134370801
7617105267695714438
7617116714296200826
7617116763083867226
7617130200316316937
7617135307011411219
7617161260715877331
7617168472514071835
7617181198683108339
7617248654685339897
7617277203776097590
7617283193889131977
7617284592898280750
7617285459802180879
7617286265558653883
7617288022270297763
7617325235938807066
7617330543197228315
7617340590414769521
7617355879423184128
7617357269562395931
7617360131021393195
7617366114821873827
7617366269179825444
7617368415921065270
7617370563069234473
7617372268301192474
7617377955127834074
7617380791395355958
7617382555188494170
7617404387211627795
7617408742384045375
7617409101395712165
7617410775585410342
7617413088937928271
7617413662277406004
7617415221893002341
7617416632217980212
7617418116401777983
7617419614347185450
7617419768416710784
7617422657088163112
7617423541679476019
7617430500852535525
7617432814597770550
7617433250180998250
7617436714164876011
7617439906226343183
7617448913792632037
7617451665578413321
7617452590221698266
7617455661923847458
7617457694705732898
7617458053826252083
7617459786892022682
7617462346470739825
7617464693824818482
7617467394940954697
7617471821092922865
7617475776019025178
7617476306998386793
7617476665127570740
7617495165426552107
7617497588937786353
7617518748295007488
7617525186186997482
7617547054482562484
7617573635422768424
7617626112147509695
7617641976313253170
7617646736986737962
7617651648822791458
7617662448010562843
7617666852956687631
7617667479233449235
7617668427645291819
7617673717082098987
7617695302783280105
7617703807355834623
7617704669107817771
7617705426154573066
7617708395629432083
7617710434506347466
7617710944685250661
7617728430486744034
7617730110942188955
7617731428628958498
7617734749763785142
7617737725055225088
7617738438560861494
7617748637880634185
7617751728431107380
7617753743735508239
7617769665988676864
7617770167849831734
7617775100116421923
7617780816285879592
7617789202532535603
7617793304261314722
7617797120082316550
7617798849628785962
7617798935461006618
7617807567204519220
7617813784682400681
7617825872875569114
7617825983046880547
7617834955250437418
7617841161827087817
7617841618720214307
7617843589925702948
7617851437578311622
7617852083961761034
7617868540690844970
7617875523725657771
7617876181290847531
7617886124672929078
7617910623413800198
7617920228248259876
7617949888386583859
7618019641159345829
7618049585446311803
7618056300076813610
7618066900496534835
7618075541056326952
7618098466506717169
7618104000285543723
7618104897715637544
7618116094112337202
7618118898315747941
7618123114026782006
7618147667402575144
7618148322129284352
7618149401499798830
7618153962335685938
7618154169748180270
7618156467836931382
7618159371620758001
7618162479697195471
7618172616066518299
7618175666374184226
7618177444772046790
7618179305201306915
7618179591827459391
7618180146142448923
7618182264928718080
7618182580001779954
7618184308452366043
7618188670394207497
7618194369484442889
7618203325942484234
7618207285441722959
7618209135276557305
7618219427011653723
7618225848767745280
7618227172787962303
7618227936453283099
7618228727872245034
7618231376698201765
7618233247591402758
7618245899558456602
7618252102661442825
7618254113255525658
7618258021319232778
7618330637706988827
7618373271435726121
7618377635499887918
7618401219354053898
7618405930652608505
7618407186049355034
7618427009428933894
7618427708871347689
7618429788512853883
7618435393192611123
7618442425401223387
7618445604926082310
7618453674418883855
7618454223981661490
7618466963844648234
7618489656656909937
7618504428232084041
7618505761416596771
7618511897758911779
7618514359815327017
7618514401376718131
7618520070452415782
7618521120983043347
7618522125825002792
7618525482442575154
7618526167486377955
7618526451743643246
7618526518976741541
7618527704954064180
7618529203788565794
7618529582966230282
7618532556698453641
7618532809552242083
7618538095000275633
7618548917018310331
7618551469276466484
7618553026765410490
7618553435448691983
7618554182638898466
7618557178110070052
7618560764609154347
7618571788859051304
7618583858002407912
7618603191910911273
7618610760177169382
7618614899668700425
7618620596858916159
7618636509784132883
7618638317973818643
7618681299389156650
7618696159887969562
7618724387387006321
7618767964468219170
7618773422734068992
7618775439833681190
7618780783397866762
7618783098435553151
7618798075447889198
7618798791356960027
7618807176877870382
7618809221991238938
7618821957315841322
7618834816930336467
7618861113958141219
7618861653731347721
7618871246624689446
7618879405640715556
7618882333705293056
7618883636854623507
7618886427958332687
7618888444902673706
7618889200267480326
7618890743604767345
7618897616314967921
7618897621725788082
7618902148226518312
7618902331278544164
7618903593327889664
7618906385983507722
7618910321725525254
7618911899317530875
7618911996402444746
7618916334441055891
7618917735157806321
7618918303242800424
7618922378126920859
7618925223450086692
7618928245845956985
7618929154638382761
7618935276379507185
7618940051308793094
7618941698387074993
7618945362620011386
7618947405060361510
7618948192344184054
7618961523033033993
7618965366451455119
7618981565544058122
7618982628934372623
7618991970542718250
7618995736331554075
7618996956149448945
7619071272195144659
7619096724350571121
7619148921093454693
7619149971270536475
7619168705683881619
7619178573245658022
7619190712642358555
7619235445523825765
7619235494081154350
7619244374920138018
7619248604930567281
7619255309214731539
7619256109413916323
7619256478074965248
7619256821320076554
7619256838593762481
7619261026139535461
7619262561602620706
7619270000923621504
7619271629763333422
7619271632254782729
7619275699026660658
7619280220470075124
7619282387125423406
7619284216828172543
7619284330132573450
7619289583435507569
7619291021831608185
7619295165898919168
7619296279625043200
7619302073317805339
7619302590459740273
7619305295085105009
7619305836363435298
7619311069853731065
7619314532535586098
7619316575031528730
7619317802259795226
7619320269798231269
7619320509259386152
7619326683341933858
7619329061134814479
7619329456250850587
7619332586624891235
7619342390641331475
7619343878307919049
7619344018695088015
7619370854152965417
7619378714551291179
7619383129299520774
7619409701272407336
7619418628416441600
7619506188702469439
7619511427908242734
7619529027841264896
7619530708901555130
7619534197333429554
7619553286114348351
7619563148416191794
7619572183488122131
7619572912118451491
7619589513912549108
7619592169821182682
7619594145959357371
7619597492346467257
7619600000472990843
7619602170045296489
7619619822908804390
7619622114655857890
7619636755322457353
7619642364730101032
7619643397713002161
7619645968354577705
7619646335294515313
7619647566447405987
7619648299401825578
7619651283071450545
7619654382791667904
7619659705120759545
7619663359419403530
7619667041833880867
7619671262628957446
7619671965296561450
7619672330477784326
7619683491686059279
7619688033071189284
7619692692443827466
7619710870926780837
7619718776518348038
7619726027660496134
7619741734691507508
7619764443375311722
7619864590058310947
7619896868239890354
7619908902310757755
7619909393602119906
7619914698263137571
7619922035661684325
7619927134266707578
7619927878251056422
7619929409043220729
7619934993317367050
7619954031746908667
7619961157193973642
7619961387963419931
7619966273044237603
7619980743209530505
7619990078110174499
7619990977893339510
7619993800643005711
7619994865232792882
7620009923606351142
7620014397297151247
7620014963873251835
7620029005698333358
7620030851640357833
7620031029817904410
7620033641691490801
7620034354625940755
7620048862488661274
7620053027994520867
7620054009571345317
7620079364448816410
7620094963951895022
7620101939174345994
7620112430491880714
7620113246065806634
7620129671321079082
7620139565542715642
7620194002079436032
7620210613340788671
7620250814338983778
7620264810950199635
7620269270245990885
7620286074182454564
7620306454214770801
7620312393117093130
7620323056329805075
7620354063531592979
7620356293970136330
7620356458856582452
7620362169690983707
7620370883526518181
7620373257933409587
7620376738731691304
7620380902866193664
7620381389115952422
7620384835231616296
7620385079591816502
7620387855679933739
7620389150302276904
7620392505351081225
7620394914832059648
7620396419035188522
7620398244673162537
7620399034909478150
7620399266745557413
7620399921925082418
7620401238988013032
7620402629482482944
7620404102861786377
7620407320414510769
7620413491383504164
7620414883888237870
7620426659103034664
7620445987353447680
7620450079128400100
7620455409144450342
7620457871226432890
7620462481824320163
7620483039080319483
7620487984722453732
7620488661902362097
7620496921068872410
7620602423182216458
7620624939347107803
7620655528145882409
7620657158489786355
7620657543487950120
7620690099075812642
7620704768775769394
7620719618121895203
7620724225065733411
7620729105247489295
7620733386029632774
7620734620287470882
7620751143588629812
7620755647718614214
7620755665224551726
7620757336130374939
7620759403439885603
7620761882098174309
7620762747886053238
7620767652079783222
7620774498996055695
7620780342454062370
7620780600668483003
7620784691032902975
7620785043167243749
7620797624936893746
7620803930860235633
7620804468019349681
7620812472462626082
7620815482949602600
7620824266790997275
7620835458901710513
7620847713847938319
7620849028313484554
7620850789560438031
7620854479876869402
7620866645514325284
7620867819533881718
7620869162571862507
7620884694887959854
7620993181663972648
7620999673377082659
7621005982188997939
7621010928422636826
7621029570791165227
7621046284308286730
7621071409398016360
7621096892131368552
7621098101599636772
7621111350193851683
7621116269022313969
7621116985266408719
7621117262308724006
7621117699308932367
7621126244297762033
7621129062349622591
7621130915112078643
7621136996208009393
7621142873320312100
7621145218234196922
7621148874803039488
7621153996681530650
7621157224413775785
7621164936949026090
7621171156585925931
7621171842585218340
7621175927849897251
7621177074664885530
7621183643477642536
7621185751581757898
7621186448737221233
7621187385317465513
7621195978544106793
7621198539233692978
7621199303037422894
7621201604418473268
7621223123823899313
7621229987714125110
7621232565105771377
7621242621796650278
7621259675456341477
7621331838426008838
7621357754837486874
7621384631770651880
7621396141694848302
7621400947528355082
7621407594405563688
7621409088643781042
7621420001378962742
7621422426374590170
7621434073982484713
7621436451667126698
7621439086208748850
7621442675996183862
7621448996577414434
7621453185252625714
7621453884187266346
7621455040259181178
7621458868429737225
7621474376457719082
7621481754703973672
7621482788868345129
7621483777063161107
7621484507942382586
7621485780740951334
7621493004179672326
7621496227440675441
7621497317668998463
7621502165278478666
7621503699252235572
7621518426179128586
7621522596177268009
7621529018197921913
7621534908208467238
7621535207136513315
7621538377313144083
7621554720993185060
7621557988653911339
7621563134427385115
7621566235222232293
7621595142398827001
7621727949486969332
7621731676927038629
7621741033419836687
7621754171674332442
7621754310851339227
7621760275826371682
7621785902049676595
7621795990261724850
7621799168729730310
7621823882613394722
7621825621361991139
7621828211181243684
7621845624694017320
7621862152688684307
7621867376463580426
7621867869134982441
7621876991234444607
7621877672536263971
7621881920351259931
7621882121933704475
7621883061815737521
7621884892435041536
7621885178511740212
7621887890603503494
7621888453432593698
7621899011578964401
7621906097846242623
7621924544332172579
7621929789569502510
7621933425351560458
7621948902422683813
7621969341281537307
7621973101232766449
7622046050094346993
7622076546739938278
7622098160160391537
7622102030571572520
7622104948423619828
7622127786941091078
7622133490037065829
7622139262100629347
7622141830998446811
7622144819409866034
7622147821651475310
7622156050770300223
7622189339891551529
7622195098629160310
7622204163052555556
7622209326308398778
7622220011462464104
7622230441457749263
7622234046333347323
7622236187164888703
7622242382729245876
7622242516934886891
7622251906307887985
7622253980655160586
7622275805653077248
7622281397104823594
7622285834921774399
7622290681704555946
7622291944277822783
7622297459393350955
7622299858523639988
7622310905758844260
7622311943444991283
7622315559586175866
7622318745549032747
7622326821106814242
7622473264698314036
7622479256978869554
7622497183484349696
7622508901510730688
7622523573810351401
7622528218453059962
7622534706826988851
7622550683039976719
7622554159312637235
7622558713592679726
7622567666259168521
7622575266585889704
7622578392285596947
7622578589329843045
7622579556675106234
7622579689202604539
7622580774797488891
7622583531469816034
7622584720794624378
7622590402616511754
7622595708872396218
7622596694248574254
7622597784109236081
7622613417506126459
7622618307623461297
7622623876945944704
7622625563152289024
7622632044922082938
7622634403139686129
7622634739275920369
7622637234458118885
7622648140205657386
7622661718807722937
7622662297378393353
7622685049833508111
7622699804078145190
7622706079432052022
7622713163305521643
7622721459395267840
7622722253125389577
7622728889076886377
7622870369876118706
7622878145699450164
7622881684446682442
7622881857528450340
7622898713129071473
7622907951224851753
7622914881070632201
7622919512840604969
7622937493402324260
7622944736965729791
7622955957605125427
7622962110028352774
7622963991791762609
7622964769577831730
7622966244412624134
7622967012692658042
7622969174817574159
7622975249490955563
7622983468070260022
7622986186831845093
7622988469324778793
7622990011264175394
7622994344735247650
7623002980433825066
7623005659000261926
7623022840803101995
7623022954917481738
7623030110920264960
7623035238968495410
7623044860399996211
7623047730230824202
7623049746499800335
7623064037986749742
7623074386690808049
7623078327720752121
7623078787672001798
7623079817839267072
7623080624967102299
7623089501182643466
7623120272614264073
7623125626584648996
7623275780214116837
7623281878128745871
7623329427439413691
7623331368780443363
7623334267510788849
7623334825550561209
7623337802704456996
7623338709216421739
7623340316700059060
7623346922237656037
7623350023522209066
7623350726906875188
7623351291918367653
7623355067864714496
7623365453481643299
7623370873528913179
7623378880509775145
7623380684098309395
7623381978875710766
7623384427070098688
7623386083287485739
7623388012377820459
7623392005984406835
7623401026875993280
7623401644541152563
7623405428801572147
7623428579744845091
7623437892316926626
7623443229958753721
7623506358217805066
7623571327144937969
7623631514919537971
7623641075144639978
7623643485618343195
7623658820656532774
7623692651874897202
7623697403299810587
7623703795477794090
7623720627703222857
7623721733958225194
7623724402563239208
7623728180410453257
7623728554983690083
7623729502656599626
7623729595392609571
7623732824624860459
7623736284250524954
7623743107795897635
7623747262769892662
7623750830222517691
7623750831807958282
7623757132688674088
7623761921204343033
7623766654208463354
7623770655267705009
7623776654615219510
7623779092277497126
7623786616787635462
7623805838595643813
7623809899298193315
7623811400036617514
7623836508075609350
7623836785822420287
7623982782078897454
7623984684686445860
7624003101288123654
7624010725987749155
7624018474632842523
7624021399748791588
7624025849452389540
7624037387882681081
7624058573361890422
7624068587631824179
7624070496316961275
7624081779805566821
7624088945306897714
7624090936943212200
7624095540645677307
7624113308060216933
7624121653336886563
7624124131022521334
7624124388409175976
7624128233126055168
7624131211384457151
7624132688735194377
7624140264547349681
7624142583161581553
7624148973128813859
7624159359882235136
7624161303578339747
7624162688171591674
7624187564118838538
7624189608770719011
7624194863323548962
7624197916424457481
7624205243957529906
7624209240967141499
7624355958159854858
7624356899575680266
7624358196941098267
7624364659819606385
7624386891915234566
7624441892599500066
7624443766362885418
7624455448464264486
7624459788869092826
7624461281495508200
7624462450938727731
7624463936108170538
7624466806186803449
7624467252527598854
7624468073239694644
7624468161412418866
7624469228581686569
7624469381476666650
7624469783047687474
7624470335487823142
7624471025249570100
7624480869139621514
7624481846914452771
7624483034720532645
7624488840543625065
7624489014766210350
7624490266879102249
7624496248263787171
7624497068598802597
7624499017837186313
7624504003715767462
7624505508833021247
7624509071395147051
7624509427462508136
7624528706430928741
7624532120194551083
7624541370220416262
7624547621658496266
7624635952018754879
7624714534783094050
7624718650057985318
7624752729331666202
7624754513706044712
7624777746383719732
7624778807739796770
7624793973290290486
7624795200761695503
7624796510101753126
7624803865208098094
7624804917831617818
7624807128405970222
7624808486358043967
7624809182490840346
7624812263404737659
7624815147646805480
7624816727734873674
7624826584088073635
7624827810493795624
7624829492262948122
7624833629935816689
7624840865004916022
7624845293707874282
7624868147074905466
7624882276250394853
7624886825865284910
7624895613221511131
7624909172987022642
7624915041154822758
7624917350545952036
7624925765334879529
7624928184945052934
7624933790091817642
7625000575289117990
7625037092553787385
7625045617538059529
7625094088538308849
7625103698292676479
7625109512797605120
7625123903962205491
7625130455779642633
7625130766883722353
7625140333864586559
7625154362465078563
7625158641125816393
7625167851342580992
7625173378022188219
7625175559869402408
7625184577439297381
7625187567138262318
7625195947157702042
7625212070295801094
7625215892213713337
7625216770228920689
7625219409203875107
7625221708013784371
7625222206913873777
7625223941543431465
7625227333401709834
7625228308661194026
7625237839017674185
7625238671155049204
7625244896391187738
7625254332576910655
7625259784464562426
7625263102761651475
7625267120347139379
7625269234473422106
7625282040237182214
7625293810395255225
7625304702036831227
7625313536118771059
7625447999616358779
7625465250371964210
7625477671996198163
7625483013190667572
7625487788040850730
7625492432055039162
7625503748445523209
7625518832794242313
7625522071191293227
7625527593525136649
7625532448492236390
7625541598822059314
7625544326218885105
7625563423787124371
7625565814087537083
7625566351733640490
7625566624988302619
7625570144236271075
7625571441265757446
7625571467249372456
7625572216759088483
7625574960194522403
7625591275979058600
7625592707523562752
7625592761428757810
7625593557478411547
7625600304226061618
7625605666253704482
7625612475249734130
7625617396107103528
7625623429186357233
7625634412209806193
7625640644869999918
7625650477023235338
7625658701742918963
7625696533710720297
7625696593508945162
7625776078091465307
7625784238428001905
7625820948268627368
7625828911510719750
7625838551422340393
7625848809276345636
7625854346353184006
7625857056318197034
7625859969664978202
7625860019593940233
7625862508170972443
7625874330726960438
7625877545778531594
7625883925591772442
7625884800724847891
7625894328619044132
7625903925853560290
7625904772935208244
7625917781007071842
7625923168574294117
7625925057935707428
7625926321197117608
7625928557235047716
7625929057691078053
7625930919555157291
7625932361125169838
7625933647380362926
7625933963341538728
7625935832171531530
7625939741950741247
7625940013382362289
7625944707465612596
7625950025335573779
7625950469180951817
7625952148475465011
7625954896398912768
7625956063569067379
7625963516918320393
7625966725338500361
7625966776837711461
7625968079642949032
7625970187552148075
7625974741551123739
7625975092018761010
7625975657343765814
7625981090549198568
7625983324246297883
7625983379455872283
7625983892776400448
7625984534638754286
7625984610891074868
7625986742398569747
7625993440370773302
7625994338704033018
7625995766976236810
7626001562082577700
7626009738531033774
7626013516348067098
7626023532979424564
7626039783856311604
7626044735936843044
7626046109713976614
7626049806573587758
7626127496848739625
7626180667251952931
7626197491385371910
7626203367521520896
7626204261994597678
7626204847745846566
7626216151802023206
7626218222571761526
7626224456336041701
7626232419351317796
7626233840071118089
7626275595265019142
7626276962222361882
7626278259633786162
7626279125297381222
7626292084303056164
7626295225988317691
7626301002040476514
7626310381228608822
7626318672709337984
7626321030159617331
7626322025379925286
7626327398945934638
7626335593169487973
7626343109332323594
7626345455701577001
7626348869613260047
7626349547563896064
7626350456981609393
7626350920493780275
7626357094979861105
7626358941550693684
7626364794559319323
7626374941507734799
7626381492997885210
7626388302609878308
7626396001716243747
7626398433130070458
7626404231037209891
7626417365894417714
7626425357582798120
7626427296438626728
7626430118667472169
7626484879764589862
7626548023719365903
7626563648982371619
7626570599200001332
7626578852755606810
7626584955816021274
7626593162307620793
7626593522807852338
7626602051157364003
7626609034053563515
7626611044605087022
7626616652783701254
7626617422544195913
7626617714417704521
7626634197439907290
7626650246977703209
7626656235399515434
7626670297114755441
7626673691920796978
7626684177663986971
7626689778339089699
7626696897842924806
7626697780509874010
7626700088521395519
7626700596619348401
7626707971010989321
7626711210293494938
7626712080967634219
7626712460912889088
7626713441864027426
7626714747941750501
7626720408657546538
7626720567290334518
7626722155414460005
7626722536356678938
7626725769075102137
7626727318769143080
7626730052398796005
7626732295185939621
7626732856122936611
7626732885232400966
7626737575910231322
7626742075618250010
7626745185426246912
7626754730642918662
7626755244307033521
7626793146587893044
7626816545422953145
7626824478470720822
7626934706512071946
7626952398036770203
7626952914468097331
7626957954645806399
7626967124505922831
7626967674622640571
7626967695291845934
7626983945627880704
7626989620353436982
7627004419715992842
7627006607183908131
7627011626490727730
7627017326655694438
7627017418040298790
7627026047971691776
7627034882065108250
7627035310081232166
7627038277941366058
7627040294193712410
7627042505527135523
7627042758376672522
7627045114161990947
7627046821084286217
7627049808649325843
7627050475434544410
7627051197567913225
7627051846750113649
7627052246185889064
7627052817022579897
7627053764105925369
7627055833524099307
7627061029150805302
7627063560250414009
7627068064441339179
7627068404575164602
7627075052248239395
7627077237099440101
7627078187637826161
7627078317813204362
7627078444811160838
7627081569815121187
7627084220242558970
7627086361807441158
7627090464362335226
7627096594760911034
7627097642107030825
7627097855253089579
7627106028287974885
7627108697688378666
7627109507029617974
7627113969324477759
7627116551757450559
7627127415558507786
7627130714730859811
7627133543545638171
7627136144303541530
7627147321117101358
7627150603604544818
7627156852291226899
7627157395302932721
7627163067129842996
7627263633172499739
7627282438192702883
7627303570510018931
7627304066300775715
7627315188374441226
7627317793243532495
7627320467275124020
7627326318220201258
7627326708663848242
7627337657621728539
7627338256799925425
7627338394946784563
7627343681325927726
7627345335110634794
7627346275424068706
7627347820277679801
7627348004743269642
7627348618081165673
7627351417528091129
7627351847695235429
7627363584947972020
7627386504347716870
7627387956558433578
7627389186135330086
7627392285403878651
7627393558156266779
7627396261510925618
7627400728541154612
7627402896010775808
7627404213999488292
7627408317001878793
7627409375031758132
7627412268250189092
7627414276671851776
7627428173412510885
7627429503152753972
7627431726146424090
7627432590630276387
7627440468883819810
7627441310144585595
7627441924966826341
7627446266695290147
7627447334372183330
7627448636531592474
7627450461839015567
7627452517332421903
7627452575201135922
7627453338036245194
7627454678133862843
7627456712270664369
7627459398679481636
7627459983411596586
7627462727191039267
7627469555594316145
7627476199606746842
7627480904333069568
7627481290408725779
7627482512377367860
7627482943329553718
7627484547906604324
7627486331857390875
7627489928384990498
7627493063123799322
7627496312996400420
7627508129575570739
7627553077666647306
7627581607268344825
7627587005018279178
7627629212140113179
7627650507766566163
7627655513488397553
7627703821750787558
7627708676488449289
7627738150206557503
7627739435852959012
7627757213381506484
7627764790819939136
7627767745769957486
7627768116780518691
7627773593241324836
7627789716246531379
7627814682509708587
7627819328179604776
7627821252295560463
7627822706527898914
7627823292346436916
7627824401820754304
7627827220685393152
7627828868665134370
7627830958246382863
7627833921347226579
7627849411208498475
7627868054499659060
7627876099472510218
7627877124682059044
7627888154590131446
7627890574250577152
7627890694136490102
7627897180354874666
7627920826385904617
7627924151814065418
7627929197108923690
7627930817636879658
7628031325068496182
7628047863448177971
7628058028667366757
7628060646696815926
7628091879809301178
7628093020415528218
7628100705559072027
7628102244734438671
7628102797761760538
7628110680549705189
7628111906008945401
7628116114135896933
7628116697542593828
7628118527538515236
7628141688007036194
7628146241486015771
7628149182360079616
7628149590734163234
7628151320943365395
7628157615948098033
7628162809779976677
7628168143998946586
7628172492074680745
7628175675219823907
7628177093649812774
7628177288084852002
7628181442358989425
7628185859350744366
7628191681187286315
7628196155113872762
7628199242552593698
7628200739264843050
7628200995012562210
7628201207244311843
7628201755314097417
7628206627111423247
7628209353560343144
7628211761276524531
7628212717249105188
7628214670415799930
7628215607988636980
7628223343635795252
7628223451060374835
7628236045397658886
7628236791497198902
7628238064955002158
7628240869754249467
7628240891379076352
7628249525349876179
7628252522766994742
7628261714076634406
7628263053420075258
7628264505545746533
7628269874644569395
7628278392391060782
7628299638219539091
7628316217324948736
7628375356185117602
7628410734539443499
7628419080253154033
7628439313604218112
7628446126118685958
7628449286069521710
7628485699889944753
7628498249464188201
7628506784818669658
7628512753493265705
7628519585913769231
7628521945339923748
7628523506556334001
7628524892175009893
7628534378175450414
7628535890368826660
7628536311300902179
7628536809533869366
7628538024846003496
7628540671300750634
7628548056064986408
7628548450518437166
7628550109457812786
7628551066108245376
7628553182126640238
7628557418826159033
7628557476409472625
7628558560288647013
7628562006836137251
7628563304751416730
7628566495445929254
7628574395027557686
7628587004670711686
7628589758503079174
7628594362502368539
7628595595037458427
7628602096148925696
7628603267518169722
7628615351278758388
7628619916345707812
7628623725050465577
7628627245032164648
7628628390169414921
7628630602241150208
7628632649053031699
7628636595221957922
7628642180706286079
7628651805638921481
7628708323050753330
7628751544200203546
7628770342903281526
7628775491838758170
7628786751019961610
7628788153947524352
7628848161309691188
7628852604046808753
7628853354383766395
7628854592680035443
7628861580435934518
7628866490497781044
7628869046608063827
7628875015903112826
7628875096031038755
7628879158907813233
7628879370845202794
7628888661060341007
7628890374672551220
7628890750033415458
7628891112262892681
7628891915664117055
7628893782666216805
7628898034973150483
7628905973683473707
7628909223543459087
7628910813935389992
7628913485887311144
7628919503853718822
7628920159272471842
7628923819662550714
7628924803579251987
7628924929248955702
7628925159176457472
7628928816102001947
7628928849535925939
7628931577795333419
7628936109376781413
7628937324558093568
7628938371997486378
7628943410950425890
7628946780247428378
7628949084610645275
7628953684101106985
7628959504528379171
7628964444684422442
7628965450096872713
7628965504460001187
7628967646020586795
7628971001287544106
7628971404293425009
7628977521089894329
7628981840996617482
7628985317609065762
7628987263447239988
7628989459984031097
7629006341541072170
7629010207619681599
7629015105199541546
7629023888940562505
7629126688081498609
7629132478027943231
7629149319744081192
7629162100497173823
7629190188559879487
7629197683688869166
7629203137928371577
7629213495350856960
7629220053048692019
7629234100125976814
7629245367539895590
7629245661220769051
7629248232865926434
7629248693383826738
7629250206832001009
7629253379940794225
7629255405222667956
7629257103873510706
7629263250559285433
7629267308439429459
7629268749695281009
7629269106784587059
7629274114766818566
7629282417131539752
7629284843255237914
7629285588273944933
7629287751103553649
7629290267174014250
7629293061494820130
7629294666743074086
7629294752583765300
7629299849012766437
7629302154024661243
7629303605610269952
7629309652852837666
7629315528632421632
7629318246903575784
7629320835069998065
7629322354115497226
7629322700645952326
7629325409993581928
7629328071782436122
7629332690202539378
7629332820577488168
7629344081289727251
7629347296429215003
7629352146139434303
7629352397693693882
7629355546226838830
7629358117553327386
7629358747367306355
7629359219849973046
7629363975616056616
7629371623325355298
7629372907202444980
7629378541355830537
7629387571424005386
7629394226695137638
7629431182454738203
7629455469555289359
7629485302955986182
7629495357873350574
7629502667521396009
7629515308336710822
7629516365313979514
7629531648962383131
7629543262432283914
7629545729861934502
7629557919751445850
7629569783092118958
7629589544752418048
7629595199115215540
7629600464027372852
7629624062813261096
7629629608652033318
7629631326454369536
7629648597701391217
7629656366335986995
7629658279982959887
7629658750982294790
7629666699670768902
7629667940249406739
7629669103603598690
7629669133952535859
7629675324778745126
7629676523431382315
7629676563658820906
7629681160717715185
7629689986614299940
7629690438223547699
7629695024883567922
7629696770758413611
7629699849016872243
7629701737275998309
7629709576249658670
7629710513185869107
7629710674276388148
7629714086762204459
7629723221567050353
7629732848899231721
7629735841874726179
7629740745536266993
7629750710501920027
7629756932638657834
7629763840629397626
7629790644810059050
7629817316821273882
7629828284343258403
7629849664184389243
7629859595846576101
7629883731415991790
7629910024546217395
7629915308827888936
7629922733811387654
7629930532302501989
7629931601777921289
7629934766040616227
7629935688158432550
7629948942860449273
7629954694328106682
7629960714787291054
7629960917693857487
7629977307431701769
7629985674300624128
7629988339092950287
7630000377902992675
7630008273986597861
7630008839231884563
7630013318602206705
7630014862436863278
7630014969643289865
7630015153681059099
7630019338656877867
7630019833614260146
7630022236753235254
